pulseheight,counts_ch_A,counts_ch_B
19.607843137254903,371,0
58.82352941176471,59,0
98.03921568627452,48,0
137.2549019607843,119,0
176.47058823529414,66,0
215.68627450980392,87,0
254.90196078431373,88,0
294.11764705882354,100,0
333.33333333333337,105,0
372.5490196078432,122,0
411.7647058823529,112,0
450.98039215686276,127,0
490.1960784313726,114,0
529.4117647058824,92,0
568.6274509803922,138,0
607.843137254902,139,0
647.0588235294118,155,0
686.2745098039217,127,0
725.4901960784314,136,0
764.7058823529412,128,0
803.921568627451,105,0
843.1372549019609,84,0
882.3529411764706,88,0
921.5686274509804,78,0
960.7843137254903,57,0
1000.0000000000001,71,0
1039.21568627451,48,0
1078.4313725490197,64,0
1117.6470588235293,53,0
1156.8627450980393,60,0
1196.078431372549,50,0
1235.294117647059,56,0
1274.5098039215686,61,0
1313.7254901960787,40,0
1352.9411764705883,42,0
1392.1568627450984,45,0
1431.372549019608,40,0
1470.5882352941176,32,0
1509.8039215686276,26,0
1549.0196078431372,37,0
1588.2352941176473,36,0
1627.450980392157,53,0
1666.666666666667,45,0
1705.8823529411766,31,0
1745.0980392156862,16,0
1784.3137254901962,18,0
1823.5294117647059,14,0
1862.745098039216,22,0
1901.9607843137255,28,0
1941.1764705882356,53,0
1980.3921568627452,112,0
2019.6078431372553,153,0
2058.823529411765,225,0
2098.0392156862745,204,0
2137.2549019607845,144,0
2176.470588235294,65,0
2215.686274509804,23,0
2254.901960784314,10,0
2294.1176470588234,6,0
2333.3333333333335,3,0
2372.5490196078435,4,0
2411.764705882353,3,0
2450.9803921568628,2,0
2490.196078431373,1,0
2529.4117647058824,3,0
2568.6274509803925,2,0
2607.843137254902,3,0
2647.0588235294117,2,0
2686.274509803922,5,0
2725.490196078432,6,0
2764.7058823529414,2,0
2803.921568627451,1,0
2843.137254901961,2,0
2882.3529411764707,2,0
2921.568627450981,3,0
2960.7843137254904,2,0
3000.0,1,0
3039.21568627451,1,0
3078.43137254902,1,0
3117.6470588235297,0,0
3156.8627450980393,0,0
3196.078431372549,2,0
3235.294117647059,1,0
3274.509803921569,1,0
3313.7254901960787,1,0
3352.9411764705883,2,0
3392.1568627450984,1,0
3431.372549019608,0,0
3470.588235294118,0,0
3509.8039215686276,1,0
3549.0196078431372,1,0
3588.2352941176473,1,0
3627.4509803921574,1,0
3666.666666666667,2,0
3705.8823529411766,1,0
3745.0980392156866,1,0
3784.3137254901962,4,0
3823.5294117647063,5,0
3862.745098039216,8,0
3901.9607843137255,5,0
3941.1764705882356,4,0
3980.3921568627457,2,0
4019.6078431372553,2,0
4058.823529411765,2,0
4098.0392156862745,0,0
4137.254901960785,0,0
4176.470588235294,2,0
4215.686274509804,0,0
4254.901960784315,0,0
4294.117647058823,0,0
4333.333333333334,0,0
4372.549019607843,1,0
4411.764705882353,0,0
4450.980392156864,0,0
4490.196078431372,1,0
4529.411764705883,0,0
4568.6274509803925,1,0
4607.843137254902,0,0
4647.058823529413,0,0
4686.274509803921,0,0
4725.490196078432,0,0
4764.705882352941,0,0
4803.921568627451,0,0
4843.137254901962,0,0
4882.35294117647,0,0
4921.568627450981,0,0
4960.784313725491,0,0
5000.0,0,0
5039.2156862745105,0,0
5078.431372549019,0,0
5117.64705882353,0,0
5156.86274509804,0,0
5196.078431372549,0,0
5235.2941176470595,0,0
5274.509803921569,0,0
5313.725490196079,0,0
5352.941176470589,0,0
5392.156862745098,0,0
5431.372549019608,0,0
5470.588235294118,0,0
5509.803921568628,0,0
5549.019607843138,0,0
5588.235294117647,0,0
5627.450980392157,0,0
5666.666666666668,0,0
5705.882352941177,0,0
5745.098039215687,0,0
5784.313725490196,0,0
5823.529411764706,1,0
5862.745098039217,0,0
5901.9607843137255,0,0
5941.176470588236,0,0
5980.392156862745,0,0
6019.607843137255,0,0
6058.823529411766,0,0
6098.0392156862745,1,0
6137.254901960785,0,0
6176.470588235295,0,0
6215.686274509804,0,0
6254.901960784315,0,0
6294.117647058823,0,0
6333.333333333334,0,0
6372.549019607844,0,0
6411.764705882353,0,0
6450.980392156864,0,0
6490.196078431372,0,0
6529.411764705883,0,0
6568.627450980393,0,0
6607.843137254902,0,0
6647.058823529413,0,0
6686.274509803921,0,0
6725.490196078432,0,0
6764.705882352942,0,0
6803.921568627451,0,0
6843.137254901962,0,0
6882.35294117647,0,0
6921.568627450981,0,0
6960.784313725491,0,0
7000.0,0,0
7039.2156862745105,0,0
7078.43137254902,0,0
7117.64705882353,0,0
7156.86274509804,0,0
7196.078431372549,0,0
7235.2941176470595,0,0
7274.509803921569,0,0
7313.725490196079,0,0
7352.941176470589,0,0
7392.156862745098,0,0
7431.372549019608,0,0
7470.588235294119,0,0
7509.803921568628,0,0
7549.019607843138,0,0
7588.235294117647,0,0
7627.450980392157,0,0
7666.666666666668,0,0
7705.882352941177,0,0
7745.098039215687,0,0
7784.313725490197,0,0
7823.529411764706,0,0
7862.745098039217,0,0
7901.9607843137255,0,0
7941.176470588236,0,0
7980.392156862746,0,0
8019.607843137255,0,0
8058.823529411766,0,0
8098.0392156862745,0,0
8137.254901960785,0,0
8176.470588235295,0,0
8215.686274509804,0,0
8254.901960784315,0,0
8294.117647058825,0,0
8333.333333333334,0,0
8372.549019607843,0,0
8411.764705882353,0,0
8450.980392156864,0,0
8490.196078431374,0,0
8529.411764705883,0,0
8568.627450980392,0,0
8607.843137254902,0,0
8647.058823529413,0,0
8686.274509803923,0,0
8725.490196078432,0,0
8764.70588235294,0,0
8803.921568627451,0,0
8843.137254901962,0,0
8882.352941176472,0,0
8921.56862745098,0,0
8960.784313725491,0,0
9000.0,0,0
9039.21568627451,0,0
9078.431372549021,0,0
9117.64705882353,0,0
9156.86274509804,0,0
9196.078431372549,0,0
9235.29411764706,0,0
9274.50980392157,0,0
9313.725490196079,0,0
9352.94117647059,0,0
9392.156862745098,0,0
9431.372549019608,0,0
9470.588235294119,0,0
9509.803921568628,0,0
9549.019607843138,0,0
9588.235294117647,0,0
9627.450980392157,0,0
9666.666666666668,0,0
9705.882352941178,0,0
9745.098039215687,0,0
9784.313725490196,0,0
9823.529411764706,0,0
9862.745098039217,0,0
9901.960784313727,0,0
9941.176470588236,0,0
9980.392156862745,0,0
